0 3 5 48 48 8 8 5 5 3 3 0 3 5 8 8 5 1000000 
3.40282e+038 0 3 48 3.40282e+038 3.40282e+038 8 5 5 0 0 3 0 3 8 3.40282e+038 5 3 
3.40282e+038 3 0 72 3.40282e+038 48 48 24 24 3 3 5 3 0 48 3.40282e+038 24 5 
3.40282e+038 48 74 0 0 6 6 12 3.40282e+038 48 48 48 48 74 6 6 12 48 
3.40282e+038 48 74 0 0 6 6 12 12 48 48 48 48 74 6 6 12 48 
3.40282e+038 8 50 6 6 0 0 8 8 8 8 8 8 50 0 0 8 8 
3.40282e+038 8 50 6 6 0 0 8 8 8 8 8 8 50 0 0 8 8 
3.40282e+038 5 26 12 12 3.40282e+038 8 0 0 5 5 5 3.40282e+038 26 8 8 0 5 
3.40282e+038 5 26 12 12 8 8 0 0 5 5 5 5 26 8 8 0 5 
3.40282e+038 0 3 48 3.40282e+038 8 8 5 5 0 0 3 0 3 8 8 5 3 
3.40282e+038 0 3 48 48 8 8 5 5 0 0 3 0 3 8 8 5 3 
3.40282e+038 3 5 48 48 8 8 5 5 3 3 0 3 5 8 8 5 0 
3.40282e+038 0 3 48 48 3.40282e+038 8 5 5 0 0 3 0 3 8 8 5 3 
3.40282e+038 3 0 72 3.40282e+038 48 48 24 24 3 3 5 3 0 48 48 24 5 
3.40282e+038 8 50 6 6 3.40282e+038 0 3.40282e+038 8 8 8 8 3.40282e+038 50 0 0 8 8 
3.40282e+038 8 50 6 3.40282e+038 0 0 8 8 8 8 8 8 50 0 0 8 8 
3.40282e+038 5 26 12 12 8 8 0 0 5 5 5 5 26 8 8 0 5 
