132
10 2
16 2
21 2
39 2
41 2
43 2
45 2
14 3
15 3
29 3
14 6
15 6
23 6
27 6
29 6
35 6
36 6
46 6
38 7
2 8
10 8
16 8
21 8
39 8
41 8
43 8
44 8
45 8
24 9
2 11
10 11
14 11
15 11
16 11
21 11
23 11
25 11
29 11
33 11
39 11
41 11
43 11
44 11
45 11
46 11
14 12
15 12
27 12
29 12
35 12
36 12
14 15
29 15
4 17
13 17
18 17
4 18
5 19
16 19
20 19
21 19
22 19
24 19
30 19
32 19
34 19
36 19
40 19
41 19
43 19
16 20
21 20
41 20
43 20
16 22
20 22
21 22
41 22
43 22
14 25
15 25
29 25
46 25
14 27
15 27
29 27
35 27
36 27
12 28
14 28
15 28
27 28
29 28
35 28
36 28
36 30
40 32
14 33
15 33
25 33
892411961 859250737
825303097 824194609
540162098 875573809
808596000 875634745
840971827 540030773
540620850 540030002
959789361 926102048
825832736 909521184
12 37
14 37
15 37
27 37
28 37
29 37
35 37
36 37
10 39
16 41
21 41
43 41
16 43
21 43
2 44
10 44
16 44
21 44
39 44
41 44
43 44
45 44
10 45
39 45
